1 1
7 1
10 1
23 1
24 1
29 1
33 1
36 1
38 1
42 1
49 1
54 1
71 1
83 1
93 1
109 1
122 1
128 1
131 1
139 1
142 1
146 1
149 1
151 1
160 1
162 1
164 1
183 1
5 2
21 2
61 2
89 2
100 2
114 2
130 2
137 2
152 2
32 3
64 3
123 3
125 3
135 3
140 3
193 3
3 4
8 4
16 4
77 4
79 4
82 4
84 4
96 4
101 4
112 4
134 4
181 4
191 4
65 5
120 5
31 6
59 6
60 6
105 6
127 6
141 6
9 7
12 7
14 7
15 7
30 7
56 7
67 7
70 7
76 7
80 7
81 7
86 7
116 7
124 7
132 7
145 7
157 7
163 7
166 7
173 7
182 7
187 7
190 7
194 7
0 8
133 8
144 8
28 9
53 9
87 9
95 9
108 9
129 9
27 10
40 10
92 10
94 10
99 10
106 10
192 10
44 11
98 11
150 11
153 11
154 11
52 12
147 14
156 14
18 17
34 17
74 17
107 17
148 17
143 18
22 19
45 19
85 19
117 19
197 19
25 20
26 20
63 20
73 20
90 20
91 20
102 20
104 20
185 20
47 21
58 22
115 23
168 23
167 24
189 24
62 25
11 26
37 26
43 26
48 26
57 26
68 26
97 26
138 26
155 26
158 26
180 26
184 26
196 26
198 26
72 25