1 1
7 1
10 1
23 1
24 1
29 1
33 1
36 1
38 1
42 1
49 1
54 1
71 1
83 1
93 1
109 1
122 1
128 1
131 1
139 1
142 1
146 1
149 1
151 1
159 1
160 1
162 1
164 1
172 1
183 1
5 2
21 2
27 2
60 2
61 2
84 2
89 2
100 2
103 2
114 2
121 2
130 2
137 2
152 2
32 3
123 3
125 3
135 3
140 3
176 3
3 4
8 4
16 4
19 4
66 4
77 4
79 4
82 4
96 4
112 4
134 4
169 4
178 4
181 4
191 4
193 4
22 5
106 5
120 5
31 6
59 6
88 6
105 6
127 6
141 6
9 7
12 7
13 7
14 7
15 7
30 7
34 7
56 7
67 7
69 7
70 7
74 7
76 7
80 7
81 7
86 7
107 7
116 7
124 7
132 7
145 7
148 7
157 7
163 7
166 7
173 7
182 7
187 7
190 7
194 7
195 7
199 7
0 8
133 8
144 8
18 9
28 9
53 9
87 9
95 9
108 9
129 9
40 10
75 10
92 10
94 10
99 10
136 10
192 10
44 11
98 11
119 11
150 11
153 11
154 11
186 11
20 12
39 12
52 12
197 12
147 14
156 14
175 14
17 15
37 15
43 15
48 15
68 15
97 15
196 15
46 17
64 17
78 17
143 17
158 17
165 17
45 18
57 18
85 18
117 18
126 18
177 18
180 18
188 18
6 19
11 19
25 19
26 19
41 19
73 19
90 19
102 19
155 19
185 19
198 19
47 20
113 20
115 22
168 22
63 23
138 23
167 23
171 23
189 23
62 24
72 24
91 24
104 25
