你大爷 1 1 0 0
大爷 1 1 0 0
爷 1 1 0 0
妈 115 2 0 0
逼 52 3 0 0
操 42 2 0 0
畜生 40 2 0 0
死 31 2 0 0
狗 22 1 0 0
骗子 19 1 0 0
婊子 15 2 0 0
杂种 15 2 0 0
肏 13 2 0 0
死光 12 2 0 0
全家 12 2 0 0
骚 11 1 0 0
狗日 10 1 0 0
骗 8 1 0 0
娘 8 1 0 0
鸡巴 8 1 0 0
爹 7 1 0 0
断气 6 1 0 0
火化 5 1 0 0
祖宗 5 1 0 0
干 4 1 0 0
老母 4 1 0 0
杀 4 2 0 0
人渣 4 1 0 0
不要脸 4 1 0 0
要脸 4 1 0 0
滚 4 1 0 0
撞死 4 1 0 0
麻痹 4 1 0 0
黑网 4 1 1 0
不得好死 3 1 0 0
吃屎 3 1 0 0
弄死 3 2 0 0
被车撞 3 1 0 0
他妈的 3 1 0 0
畜牲 3 1 0 0
瞎 3 1 0 0
伤天害理 2 1 0 0
狗东西 2 1 0 0
臭 2 1 0 0
烂 2 1 0 0
怀上 2 1 0 0
爸 2 1 0 0
爷爷 2 1 0 0
妈妈 2 1 0 0
傻 2 1 0 0
垃圾 2 1 0 0
骗钱 2 1 0 0
坑人 2 1 1 0
尼玛 2 1 0 0
没爹 2 1 0 0
杀光 2 2 0 0
屁 2 1 0 0
外公 1 1 0 0
乱伦 1 1 0 0
禽兽 1 1 0 0
禽兽不如 1 1 0 0
滚出 1 1 0 0
滚出来 1 1 0 0
艾滋 1 2 0 0
长毛 1 1 0 0
惨死 1 2 0 0
嚣张 1 1 0 0
杂种狗 1 1 0 0
全家人 1 2 0 0
死无全尸 1 2 0 0
精子 1 1 0 0
孽 1 1 0 0
丧事 1 1 0 0
杀死 1 1 0 0
割下 1 1 0 0
割下来 1 1 0 0
喂狗 1 1 0 0
骚货 1 1 0 0
玩赖 1 1 0 0
垃圾 1 1 0 0
姥娘 1 1 0 0
奶奶 1 1 0 0
娼妇 1 2 0 0
废物 1 1 0 0
死光光 1 2 0 0
装傻 1 1 0 0
傻子 1 1 0 0
害人 1 1 0 0
癌症 1 2 0 0
骗光 1 1 1 0
要死 1 1 0 0
砍 1 1 0 0
砍下来 1 1 0 0
一刀 1 1 0 0
捅 1 1 0 0
猪狗 1 1 0 0
玩死 1 1 0 0
死去 1 1 0 0
真他妈 1 1 0 0
绝子绝孙 1 2 0 0
鸡鸡 1 1 0 0
诈骗 1 1 0 0
解散 1 1 0 0
逼人 1 1 0 0
逼人太甚 1 1 0 0
太甚 1 1 0 0
魔鬼 1 1 0 0
吸血 1 1 1 0
吸血鬼 1 1 1 0
通奸 1 1 0 0
滚蛋 1 1 0 0
你妈 1 1 0 0
你爸 1 1 0 0
缺德 1 1 0 0
干死你 1 1 0 0
干死 1 1 0 0
坑杀 1 1 0 0
坑 1 1 0 0
太坑 1 1 0 0
他妈 1 1 0 0
投诉 1 0 1 0
告你 1 1 0 0
坑逼 1 1 0 0
逼 1 1 0 0
骗钱 1 1 1 0
骗子 1 1 1 0
骗 1 1 1 0
王八蛋 1 1 0 0
蛋 1 1 0 0
妈卖批 1 1 0 0
卖批 1 1 0 0
批 1 1 0 0
妈的批 1 1 0 0
的批 1 1 0 0
坑爹 1 1 0 0
她妈 1 1 0 0
它妈 1 1 0 0
好坑 1 1 0 0
放屁 1 1 0 0
去死 1 1 0 0
输 1 0 1 0
输钱 1 0 1 0
艹 1 1 0 0
我艹 1 1 0 0
操 1 1 0 0
艹你妹 1 1 0 0
智障 1 1 0 0
郁闷 1 1 0 0
屁 1 1 0 0
你妹 1 1 0 0
妹 1 1 0 0
日你 1 1 0 0
黑 1 1 1 0
好黑 1 1 1 0
畜生 1 1 0 0
抱怨 1 1 0 0
骂你 1 1 0 0
骂 1 1 0 0
欠骂 1 1 0 0
老子 1 1 0 0
举报 1 0 1 0
报警 1 0 1 0
卧槽 1 1 0 0
沃草 1 1 0 0
沃 1 1 0 0
草 1 1 0 0
锤子 1 1 0 0
套路 1 1 0 0
注销 1 1 0 0
删除 1 1 0 0
太久 1 0 0 1
好久 1 0 0 1
很久 1 0 0 1
多久 1 0 0 1
这么久 1 0 0 1
下去 1 0 0 1
输光 1 0 1 0
删了 1 1 0 0
快点 1 0 0 1
赶快 1 0 0 1
赶紧 1 0 0 1
赶紧的 1 0 0 1
太慢了巴 1 0 0 1
很慢 1 0 0 1
快 1 0 0 1
这么慢 1 0 0 1
慢 1 0 0 1
你是乌龟吗 1 0 0 1
烂透了 1 1 0 0
太烂了 1 1 0 0
你们台子也太鸟 1 1 0 0
你们有待加强 1 1 0 0
你们台子真的不行 1 1 0 0
日你老师 1 2 0 0
吃我懒觉毛 1 2 0 0
日你老鸡掰 1 2 0 0
日你 1 2 0 0
你他妈 1 2 0 0
你他妈的 1 2 0 0
难搞 1 1 0 0
太久 1 0 0 1